
driver:

d:
- -0.056284792721271515
- 0.06360338628292084
- -0.0006215605535544455
- 0.0003510362876113504
- -0.021346338093280792
k:
- 433.7384948730469 0.0 421.96142578125
- 0.0 433.276611328125 239.41310119628906
- 0.0 0.0 1.0



1:
mtx1:  [[435.44635241   0.         422.97652912]
 [  0.         435.79691016 237.83671529]
 [  0.           0.           1.        ]]
dist1:  [[-0.05939163  0.07405427 -0.00120183  0.00030091 -0.03216755]]

2:
mtx1:  [[433.68322106   0.         422.67888775]
 [  0.         434.07360809 238.26344496]
 [  0.           0.           1.        ]]
dist1:  [[-0.0571028   0.06490083 -0.00119475  0.00040116 -0.0232839 ]]

3:
ret1:  0.06974298007968437
mtx1:  [[434.54160177   0.         422.70577506]
 [  0.         434.90818408 238.12131808]
 [  0.           0.           1.        ]]
dist1:  [[-0.05580901  0.0633943  -0.00106503  0.00020509 -0.0225189 ]]
